p=10;
q=11;
r=12;